data:
  gpu: 0
  num_workers: 8
  train_dataset: /scratch/zd2260/cifar_train.beton
  val_dataset: /scratch/zd2260/cifar_test.beton

training:
  batch_size: 4196
  lr: 3.1592415870122057
  epochs: 159
  momentum: 0.03707643543282678
  weight_decay: 0.0026371206459489013
  label_smoothing: 0.4901635270490507
  lr_tta: True
  num_workers: 8
  lr_peak_epoch: 37

seed:
  seednum: 17053

