data:
  gpu: 0
  num_workers: 8
  train_dataset: /scratch/zd2260/cifar_train.beton
  val_dataset: /scratch/zd2260/cifar_test.beton

training:
  batch_size: 4196
  lr: 0.7982339387272526
  epochs: 224
  momentum: 0.07184860594394832
  weight_decay: 0.005221730964243374
  label_smoothing: 0.4178174120335904
  lr_tta: True
  num_workers: 8
  lr_peak_epoch: 171

seed:
  seednum: 10674

