data:
  gpu: 0
  num_workers: 8
  train_dataset: /scratch/zd2260/cifar_train.beton
  val_dataset: /scratch/zd2260/cifar_test.beton

training:
  batch_size: 4196
  lr: 0.04601412905407585
  epochs: 300
  momentum: 0.4792887025563877
  weight_decay: 1.0129616516323836e-06
  label_smoothing: 0.49860232306003316
  lr_tta: True
  num_workers: 8
  lr_peak_epoch: 178

seed:
  seednum: 31092

