data:
  gpu: 0
  num_workers: 8
  train_dataset: /scratch/zd2260/cifar_train.beton
  val_dataset: /scratch/zd2260/cifar_test.beton

training:
  batch_size: 4196
  lr: 0.5488425251334461
  epochs: 62
  momentum: 0.6844859248282218
  weight_decay: 3.5872710628554107e-06
  label_smoothing: 0.1857241602083247
  lr_tta: True
  num_workers: 8
  lr_peak_epoch: 56

seed:
  seednum: 19341

