data:
  gpu: 0
  num_workers: 8
  train_dataset: /scratch/zd2260/cifar_train.beton
  val_dataset: /scratch/zd2260/cifar_test.beton

training:
  batch_size: 4196
  lr: 3.8291275020166
  epochs: 116
  momentum: 0.0009883678894311784
  weight_decay: 0.0012889439123905933
  label_smoothing: 0.33194795686885015
  lr_tta: True
  num_workers: 8
  lr_peak_epoch: 44

seed:
  seednum: 3427

