data:
  gpu: 0
  num_workers: 8
  train_dataset: /scratch/zd2260/cifar_train.beton
  val_dataset: /scratch/zd2260/cifar_test.beton

training:
  batch_size: 4196
  lr: 9.816306227402947
  epochs: 197
  momentum: 0.7577106576324172
  weight_decay: 0.0003735786215277575
  label_smoothing: 0.19727272827236347
  lr_tta: True
  num_workers: 8
  lr_peak_epoch: 122

seed:
  seednum: 28236

