data:
  gpu: 0
  num_workers: 8
  train_dataset: /scratch/zd2260/cifar_train.beton
  val_dataset: /scratch/zd2260/cifar_test.beton

training:
  batch_size: 4196
  lr: 6.408777171282983
  epochs: 59
  momentum: 0.9498806058692548
  weight_decay: 1.9041164927656855e-05
  label_smoothing: 0.236742225101483
  lr_tta: True
  num_workers: 8
  lr_peak_epoch: 13

seed:
  seednum: 29365

