data:
  gpu: 0
  num_workers: 8
  train_dataset: /scratch/zd2260/cifar_train.beton
  val_dataset: /scratch/zd2260/cifar_test.beton

training:
  batch_size: 4196
  lr: 0.6262152291785867
  epochs: 199
  momentum: 0.6145686545383522
  weight_decay: 0.002564933663828335
  label_smoothing: 0.39599158547926994
  lr_tta: True
  num_workers: 8
  lr_peak_epoch: 35

seed:
  seednum: 23280

