data:
  gpu: 0
  num_workers: 8
  train_dataset: /scratch/zd2260/cifar_train.beton
  val_dataset: /scratch/zd2260/cifar_test.beton

training:
  batch_size: 4196
  lr: 0.9306020248213044
  epochs: 208
  momentum: 0.40303206027483146
  weight_decay: 0.0016757159859815633
  label_smoothing: 0.45595470988349596
  lr_tta: True
  num_workers: 8
  lr_peak_epoch: 198

seed:
  seednum: 1517

