data:
  gpu: 0
  num_workers: 8
  train_dataset: /scratch/zd2260/cifar_train.beton
  val_dataset: /scratch/zd2260/cifar_test.beton

training:
  batch_size: 4196
  lr: 0.021145807626085568
  epochs: 300
  momentum: 0.0002901348638528737
  weight_decay: 1.179561189536804e-05
  label_smoothing: 0.09330658766076777
  lr_tta: True
  num_workers: 8
  lr_peak_epoch: 148

seed:
  seednum: 17352

