data:
  gpu: 0
  num_workers: 8
  train_dataset: /scratch/zd2260/cifar_train.beton
  val_dataset: /scratch/zd2260/cifar_test.beton

training:
  batch_size: 4196
  lr: 1.9938822941482943
  epochs: 222
  momentum: 0.9578573607394865
  weight_decay: 0.0005194077789007387
  label_smoothing: 0.09535160423744611
  lr_tta: True
  num_workers: 8
  lr_peak_epoch: 217

seed:
  seednum: 16509

