data:
  gpu: 0
  num_workers: 8
  train_dataset: /scratch/zd2260/cifar_train.beton
  val_dataset: /scratch/zd2260/cifar_test.beton

training:
  batch_size: 4196
  lr: 9.058439372471836
  epochs: 108
  momentum: 0.09304019102952335
  weight_decay: 0.0008443155123914023
  label_smoothing: 0.4676599761247692
  lr_tta: True
  num_workers: 8
  lr_peak_epoch: 37

seed:
  seednum: 25843

