data:
  gpu: 0
  num_workers: 8
  train_dataset: /scratch/zd2260/cifar_train.beton
  val_dataset: /scratch/zd2260/cifar_test.beton

training:
  batch_size: 4196
  lr: 9.988693048469244
  epochs: 300
  momentum: 0.3055998328375092
  weight_decay: 0.0017538154202995794
  label_smoothing: 0.49985488233105385
  lr_tta: True
  num_workers: 8
  lr_peak_epoch: 182

seed:
  seednum: 20795

