data:
  gpu: 0
  num_workers: 8
  train_dataset: /scratch/zd2260/cifar_train.beton
  val_dataset: /scratch/zd2260/cifar_test.beton

training:
  batch_size: 4196
  lr: 0.49373011344975154
  epochs: 230
  momentum: 0.5508954117873346
  weight_decay: 0.001618300788545859
  label_smoothing: 0.11364509683406557
  lr_tta: True
  num_workers: 8
  lr_peak_epoch: 85

seed:
  seednum: 23396

