data:
  gpu: 0
  num_workers: 8
  train_dataset: /scratch/zd2260/cifar_train.beton
  val_dataset: /scratch/zd2260/cifar_test.beton

training:
  batch_size: 4196
  lr: 0.3472228420016577
  epochs: 300
  momentum: 0.9533284291127152
  weight_decay: 0.0001039794423380654
  label_smoothing: 4.618817157193083e-05
  lr_tta: True
  num_workers: 8
  lr_peak_epoch: 283

seed:
  seednum: 6593

