data:
  gpu: 0
  num_workers: 8
  train_dataset: /scratch/zd2260/cifar_train.beton
  val_dataset: /scratch/zd2260/cifar_test.beton

training:
  batch_size: 4196
  lr: 0.00013870422719602102
  epochs: 292
  momentum: 0.16186358346590482
  weight_decay: 0.002152211706394162
  label_smoothing: 0.08583474831797126
  lr_tta: True
  num_workers: 8
  lr_peak_epoch: 194

seed:
  seednum: 17824

