data:
  gpu: 0
  num_workers: 8
  train_dataset: /scratch/zd2260/cifar_train.beton
  val_dataset: /scratch/zd2260/cifar_test.beton

training:
  batch_size: 4196
  lr: 0.9907833888567507
  epochs: 266
  momentum: 0.07193671028112354
  weight_decay: 0.060906669992342635
  label_smoothing: 0.4999216488911629
  lr_tta: True
  num_workers: 8
  lr_peak_epoch: 47

seed:
  seednum: 26420

