data:
  gpu: 0
  num_workers: 8
  train_dataset: /scratch/zd2260/cifar_train.beton
  val_dataset: /scratch/zd2260/cifar_test.beton

training:
  batch_size: 4196
  lr: 0.002521616997512582
  epochs: 73
  momentum: 0.33748140109210306
  weight_decay: 3.8549989156234656e-05
  label_smoothing: 0.3477403473118847
  lr_tta: True
  num_workers: 8
  lr_peak_epoch: 60

seed:
  seednum: 32460

