data:
  gpu: 0
  num_workers: 8
  train_dataset: /scratch/zd2260/cifar_train.beton
  val_dataset: /scratch/zd2260/cifar_test.beton

training:
  batch_size: 4196
  lr: 6.709889191317915
  epochs: 202
  momentum: 0.12670752994540602
  weight_decay: 0.00023096339631918257
  label_smoothing: 0.3559850635562942
  lr_tta: True
  num_workers: 8
  lr_peak_epoch: 76

seed:
  seednum: 2186

