data:
  gpu: 0
  num_workers: 8
  train_dataset: /scratch/zd2260/cifar_train.beton
  val_dataset: /scratch/zd2260/cifar_test.beton

training:
  batch_size: 4196
  lr: 0.09387397151326676
  epochs: 93
  momentum: 0.8572102424486627
  weight_decay: 1.0031412114394393e-06
  label_smoothing: 0.4999868813614881
  lr_tta: True
  num_workers: 8
  lr_peak_epoch: 90

seed:
  seednum: 2553

