data:
  gpu: 0
  num_workers: 8
  train_dataset: /scratch/zd2260/cifar_train.beton
  val_dataset: /scratch/zd2260/cifar_test.beton

training:
  batch_size: 4196
  lr: 3.1277582217275914
  epochs: 208
  momentum: 0.15821199088340973
  weight_decay: 2.3366149722584743e-05
  label_smoothing: 0.3995031535342439
  lr_tta: True
  num_workers: 8
  lr_peak_epoch: 139

seed:
  seednum: 32345

