data:
  gpu: 0
  num_workers: 8
  train_dataset: /scratch/zd2260/cifar_train.beton
  val_dataset: /scratch/zd2260/cifar_test.beton

training:
  batch_size: 4196
  lr: 0.37392790740747506
  epochs: 182
  momentum: 0.7606562217427149
  weight_decay: 0.03920241839817464
  label_smoothing: 0.0061806774817267105
  lr_tta: True
  num_workers: 8
  lr_peak_epoch: 122

seed:
  seednum: 16139

