data:
  gpu: 0
  num_workers: 8
  train_dataset: /tmp/cifar_train.beton
  val_dataset: /tmp/cifar_test.beton

training:
  batch_size: 4196
  lr: 0.0006031962615640894
  epochs: 274
  momentum: 0.033439502120018005
  weight_decay: 0.008047166932040347
  label_smoothing: 0.17152584018185735
  lr_tta: True
  num_workers: 8
  lr_peak_epoch: 198

